8,10,15,17,19,23,25,28,29,34,35,38,38,39,40,46,48,51,51,56,57,62,64,68,78,81,
1,1,7,10,12,19,21,22,23,29,31,36,38,41,41,45,45,54,55,59,62,65,66,67,67,77,84,91,93,
1,1,2,9,11,18,19,20,25,25,27,32,37,38,39,39,43,49,51,54,60,64,66,68,68,78,80,83,84,89,95,105,
4,10,10,13,14,16,17,22,23,27,29,35,39,42,49,51,55,59,60,65,69,73,80,81,86,88,
8,9,12,15,19,22,25,28,31,32,36,38,41,41,42,43,48,49,50,57,58,61,64,67,71,78,88,91,95,100,
1,1,1,1,1,1,1,2,5,6,7,15,15,18,22,25,26,28,32,36,36,40,44,49,50,54,55,56,60,63,66,
8,17,19,25,27,29,32,36,39,43,46,48,50,55,56,56,58,64,67,68,69,70,80,
1,1,1,1,1,1,10,10,13,17,21,21,23,26,27,30,32,36,40,41,45,48,48,54,55,62,65,
1,1,1,1,1,1,1,3,7,9,12,17,21,22,29,30,37,37,44,44,48,51,52,57,58,66,67,74,81,89,95,103,
1,1,1,1,1,1,1,1,1,1,7,8,14,18,21,28,28,35,38,41,45,51,55,56,60,63,66,76,86,
6,9,14,15,17,18,24,26,27,30,33,36,41,43,47,48,51,56,60,63,69,71,78,84,88,
1,1,1,1,4,9,11,14,18,20,22,27,31,32,36,36,40,42,45,50,51,52,54,55,57,61,64,66,66,70,78,
1,1,1,1,1,1,1,1,8,10,14,15,23,23,28,31,32,40,41,44,45,48,49,50,53,57,58,59,63,68,71,79,84,89,
1,1,1,1,2,10,11,16,20,20,24,27,30,31,38,40,43,46,46,49,52,54,55,60,60,69,70,73,75,84,
2,5,10,15,19,20,23,23,25,26,27,29,31,33,37,38,39,43,43,50,52,55,56,59,63,69,
