87,38,18,62,35,43,9,66,14,29,45,97,13,49,17,98,20,67,90,16,96,38,5,21,5,27,17,51,5,35,77,70,21,39,72,7,54,23,63,65,16,88,92,79,42,23,52,77,2,87,31,97,9,71,28,50,34,96,57,8,26,57,61,77
9,26,91,44,69,92,85,43,70,9,63,61,44,72,84,97,9,25,56,8,9,86,21,64,28,19,87,51,65,1,86,25
60,1,71,17,8,75,12,60,72,6,65,1,40,54,45,13
79,34,51,27,87,27,87,78
56,32,1,28
78,60
40
<new tree>
5,20,66,38,82,51,54,41,46,31,52,83,2,97,11,35,72,21,70,47,11,76,5,61,22,60,34,38,86,79,49,20,59,59,46,51,38,47,51,95,16,94,30,18,88,40,33,95,88,53,63,36,48,31,78,27,15,5,17,22,18,17,54,66,81,32,24,42,51,58,95,25,68,73,32,16,47,85,72,80,28,37,49,33,16,14,71,29,80,19,36,34,31,29,78,97,41,63,36,56,16,90,44,30,56,38,66,73,98,62,79,29,31,35,93,79,66,21,50,67,60,94,60,32,23,62,92,40
86,43,80,30,93,12,37,94,37,57,73,69,84,78,78,91,17,61,38,89,23,51,48,81,40,58,54,19,17,47,53,54,3,46,95,28,37,75,16,7,38,38,49,50,70,5,85,34,48,69,36,75,49,41,25,35,93,98,88,36,56,19,77,89
27,15,29,66,45,78,2,90,42,34,93,82,70,19,6,10,19,74,33,86,9,45,74,70,13,27,61,53,38,87,31,47
73,39,49,17,4,79,61,49,12,23,71,56,65,55,39,57
4,26,1,9,44,24,78,81
76,11,45,95
76,72
74
<new tree>
96,98,62,43,52,10,35,35,81,35,31,40,22,67,33,37,77,47,94,95,60,42,26,69,31,11,82,92,61,54,2,71,59,48,22,54,56,93,84,34,31,57,25,88,26,21,21,97,28,30,25,1,18,18,35,55,73,91,13,42,27,42,72,28,34,58,80,73,46,78,80,83,62,61,65,3,17,37,44,10,89,83,65,31,29,2,53,42,13,65,80,63,81,42,7,87,84,96,54,66,40,46,52,49,48,41,37,56,52,33,38,36,48,3,52,42,75,41,98,33,6,39,60,79,96,18,2,20,54,76,17,20,81,77,68,43,32,17,81,86,63,95,88,78,27,44,16,78,89,64,12,43,96,21,60,2,84,72,51,31,39,18,3,74,17,19,54,69,34,10,11,59,59,12,69,9,49,81,52,53,3,23,29,88,64,73,22,60,17,66,57,59,64,51,48,45,93,15,62,9,89,45,45,80,54,52,83,85,51,52,52,4,20,97,29,17,87,13,10,42,95,92,53,66,51,51,93,8,63,24,15,34,20,43,62,56,76,47,35,13,89,36,10,64,15,54,39,66,22,32,57,80,6,20,12,95,91,78,30,3,57,75,22,27,38,19,83,75,35,71,39,40,76,95,52,60,83,87,52,96,12,28,85,32,66,33,29,98,32,66,64,97,18,32,55,14,14,81,27,94,69,62,32,49,91,17,4,9,67,51,13,4,27,32,90,29,88,89,60,5,89,84,44,68,8,40,22,44,41,38,46,3,61,56,27,48,94,36,39,49,29,20,32,79,53,60,71,85,41,26,24,23,21,23,6,84,19,63,42,52,93,58,66,29,6,10,42,69,5,42,33,53,51,12,74,69,52,63,15,46,67,36,4,15,15,23,80,39,50,41,30,32,92,85,54,70,53,4,74,44,19,2,80,98,91,70,70,10,47,36,33,54,49,95,83,58,55,52,15,81,28,4,20,62,13,2,59,65,56,5,17,49,88,70,28,65,54,4,23,43,51,71,90,14,9,74,82,96,2,95,15,2,87,91,16,16,81,18,86,90,11,6,53,43,20,82,64,78,68,18,4,52,29,70,30,56,12,6,54,37,18,61,63,60,88,15,60,96,54,12,83,37,17,31,32,46,19,48,93,26,10,5,29,82,91,62,71,18,61,58,4,76,63,49,72,48,41,91,53,5,22,67,24,56,34,66,36,96,38,83,38,63,12,28,27,14,33,79,67,27,43,43,35,95,9,8,73,66,58,83,5,26,93,88,5,42,80,72,49,26,27,73,78,77,21,39,64,35,23,59,16,60,25,26,60,77,33,27,47,27,91,69,39,54,78,12,68,22,24,84,32,59,31,41,1,69,63,57,74,68,42,38,43,97,67,43,1,68,28,26,9,53,26,23,33,57,34,25,97,9,70,43,12,37,28,55,30,83,25,90,15,74,52,77,83,54,26,41,85,35,12,1,92,97,75,78,34,9,8,43,36,39,58,66,97,98,26,7,70,13,14,17,43,37,12,34,2,47,38,78,31,92,38,62,96,70,49,14,60,48,21,22,75,81,55,74,16,85,79,83,29,19,69,73,22,93,56,56,85,42,76,86,69,29,12,43,1,95,68,27,50,13,46,22,90,91,41,61,81,36,18,16,66,54,50,13,23,64,41,4,14,91,27,18,70,34,51,46,69,12,73,20,17,52,34,16,72,48,81,29,52,94,73,49,25,61,20,16,78,98,21,36,55,65,14,57,84,28,50,57,40,93,90,69,61,96,97,15,20,34,40,73,82,13,50,19,18,76,92,10,14,36,67,70,90,38,64,51,39,76,31,44,96,24,87,58,4,5,86,27,63,6,94,45,59,46,52,42,15,93,39,8,35,41,44,5,27,21,77,24,33,47,74,43,3,94,75,58,24,91,16,14,88,65,46,9,41,22,12,45,84,22,36,45,37,23,10,56,79,83,31,81,26,63,93,16,30,52,42,63,69,93,19,23,78,25,18,68,94,35,62,5,10,33,38,11,11,30,6,78,84,20,78,40,60,33,87,26,71,30,77,87,79,47,74,90,4,14,65,13,6,41,60,44,21,26,72,91,26,82,5,98,47,62,78,50,16,78,61,45,37,91,96,64,57,74,25,62,58,46,8,96,64,92,73,44,58,34,19,34,60,94,98,87,25,78,41,17,67,24,75,24,51,21,74,13,43,95,86,46,2,11,33,78,74,8,35,53,87,35,91,80,59,27,84,41,91,9,40,77,33,8,93,35,69,83,46,43,18,60,1,62,47,72,33,49,61,20,14,18,43,86,28,33,32,93,64,24,35,33,21,35,55,9,13,93,17,97,10,90,60,90,36,28,34,29,34,85,93,35,78,71,93,22,34,45,78,60,3,74,19,22,8,83,40,65,7,38,59,39,33,63,11,23,56,52,51,1,97,3,60,78,29,1,54,48,40,33,73,67,15,55,94,34,71,38,82,51,86,68,23,95,26,55,2,16,61,71,65,81,92,77,61,1,15,40,91,8,30,91,25,72,63,91,24,77,67,76,50,18,68,98,14,30,79,64,52,73,97,38,86,67,67,91,73,37,93,94,19,32,46,75,22,94,43,49,32,34,31,24,47,83,21,47,13,93,64,32,20,50,86,19,9,90,6,56,5,71,18,86,83,72,57,18,71,92,77,19,85,30,32,19,42,74,90,3,47,21,78,79,71,61,74,68,44,28,66,31,88,85,44,60,16,44,40,73,27,3,74,20,17,46,45,88,18,68,75,33,98,4,10,83,91,38,15,22,97,87,73,44,26,47,29,98,85,71,3,97,35,17,74,44,45,59,63,26,17,84,51,75,51,34,31,85,76,60,67,77,29,18,75,38,29,31,93,68,18,46,4,45,65,76,97,82,28,65,38,33,74,88,6,13,37,96,91,91,17,42,23,26,4,25,69,17,41,37,15,15,64,93,9,70,80,7,10,74,36,48,58,11,22,35,4,40,13,62,2,32,38,2,52,75,23,77,41,41,8,80,41,89,51,24,67,79,79,35,32,30,86,18,56,68,82,13,4,68,22,29,5,78,35,82,75,63,41,33,47,4,64,68,67,54,7,68,59,96,67,23,59,77,31,70,44,21,45,83,91,11,73,72,20,77,76,61,54,68,48,5,39,47,86,28,65,19,49,2,61,15,52,7,2,97,68,26,48,64,38,54,18,56,40,37,29,91,49,88,77,44,14,90,49,62,83,13,90,3,6,25,70,44,23,77,57,67,70,21,9,50,14,89,30,92,86,81,7,50,98,73,69,60,23,17,1,61,57,38,15,56,35,46,58,14,82,73,34,61,78,60,21,28,79,28,31,23,60,55,75,2,6,41,3,32,54,11,21,7,76,94,11,33,6,52,15,67,32,16,10,13,48,44,70,38,52,41,79,94,85,77,2,2,62,14,50,93,43,27,58,72,52,28,84,83,50,87,23,27,13,62,90,45,45,62,52,60,70,63,78,14,30,25,20,98,93,10,70,91,2,21,25,5,57,37,60,21,59,85,87,64,19,52,82,23,86,55,56,98,60,88,24,78,48,45,42,28,8,84,89,41,17,31,26,90,38,85,87,8,3,32,1,83,75,14,93,76,42,96,13,38,52,70,31,12,96,45,56,12,93,33,14,74,95,47,47,87,27,90,83,1,67,48,95,29,87,39,4,34,50,65,84,10,72,51,87,46,98,14,93,91,30,75,14,69,18,26,87,28,65,7,49,50,13,13,69,5,73,3,24,57,42,22,61,29,47,4,3,44,59,2,87,14,96,91,69,90,35,27,11,62,51,74,67,43,16,35,95,59,80,82,71,95,89,37,50,8,15,84,23,14,24,43,68,64,19,35,53,21,42,77,69,47,91,60,6,66,54,18,13,12,8,42,62,75,30,91,24,59,41,62,76,49,4,95,38,9,7,4,25,79,80,75,18,3,14,24,4,29,31,82,53,95,71,11,7,81,79,91,34,26,12,92,78,78,2,20,43,95,23,96,60,50,92,32,30,31,24,59,62,6,87,94,29,58,10,80,76,92,88,56,28,15,68,97,68,87,95,38,2,92,79,8,7,33,23,3,3,40,80,75,57,20,30,29,38,17,64,21,69,20,42,50,8,65,69,45,81,94,63,42,35,85,58,68,26,80,87,94,35,8,77,37,13,14,98,8,84,40,59,51,23,74,68,80,51,30,1,40,63,77,20,8,76,38,40,70,61,60,3,57,28,68,85,61,42,6,38,93,66,62,60,41,35,12,19,60,17,76,18,94,80,48,32,57,86,69,59,73,72,28,45,24,37,3,24,54,88,7,39,45,90,6,73,2,17,78,72,65,19,79,54,84,43,8,76,79,37,28,74,71,45,63,22,38,17,36,5,32,86,64,70,11,38,71,5,74,73,31,40,9,96,93,54,91,73,60,80,30,26,44,17,60,31,66,1,27,83,35,84,80,74,40,77,54,9,44,46,70,4,2,6,7,87,66,74,50,10,29,64,55,54,73,7,43,48,11,78,70,71,76,89,39,46,59,33,56,17,1,82,30,14,10,27,24,38,11,72,64,91,49,18,55,70,29,26,1,34,34,7,97,64,75,98,26,11,65,60,28,33,18,34,9,45,35,41,45,47,81,6,37
72,45,34,63,70,74,53,56,51,84,76,10,74,86,10,55,72,59,38,52,37,44,85,3,98,38,40,95,15,87,80,67,32,40,78,34,72,50,34,59,49,21,18,73,28,98,66,33,29,22,16,61,89,6,48,28,59,32,64,33,35,57,42,63,5,9,77,34,8,74,81,23,25,77,3,16,26,12,73,1,70,7,66,91,71,19,77,27,91,50,73,41,85,2,25,91,78,54,69,20,22,33,25,54,39,92,37,12,4,32,3,48,57,64,61,28,90,49,90,85,30,51,42,57,1,41,36,23,53,11,37,71,41,54,77,38,81,13,53,78,81,66,23,59,48,26,83,22,40,95,1,30,63,83,88,70,90,67,53,97,56,14,57,92,94,30,7,3,85,23,46,78,95,12,4,63,28,82,9,74,57,15,81,56,10,7,9,57,65,8,47,14,58,54,23,68,9,30,63,18,20,80,35,18,50,22,33,51,79,25,42,9,59,78,41,41,31,1,82,87,22,48,37,77,75,32,20,41,88,35,54,96,19,89,54,75,79,64,7,87,73,56,77,40,64,38,54,79,14,80,37,9,46,74,95,70,44,57,41,18,2,91,61,44,69,45,88,68,24,64,61,65,93,94,15,64,69,95,14,37,77,40,28,9,96,46,50,43,93,83,32,22,24,87,86,80,94,34,69,20,49,85,56,48,19,71,14,51,60,31,1,47,44,4,40,61,64,53,46,24,94,45,73,40,33,39,42,6,9,33,69,36,27,92,87,91,82,78,88,26,33,98,82,63,82,84,77,20,47,25,17,41,86,46,25,4,12,17,16,79,30,8,43,27,60,63,20,50,16,48,77,84,64,21,89,94,61,11,56,47,60,23,58,82,17,28,49,79,68,83,79,66,62,10,95,25,55,56,3,19,64,28,4,98,47,32,76,65,55,29,42,2,59,68,19,7,49,59,10,32,14,39,80,31,67,12,22,54,25,65,39,5,8,38,82,32,19,59,36,84,50,83,25,40,42,78,7,93,89,88,74,95,47,70,5,25,47,72,31,35,10,23,40,89,88,37,92,22,84,85,87,89,24,25,81,30,15,40,87,88,6,28,64,36,89,43,57,37,33,57,84,45,28,1,74,28,43,35,51,6,84,84,9,4,1,84,72,22,88,73,10,7,84,42,30,80,57,5,98,45,78,56,87,28,2,43,61,23,49,53,86,79,88,82,4,20,19,60,35,5,70,36,47,58,47,78,60,85,70,93,70,38,35,6,26,29,95,80,3,57,24,49,71,35,86,30,17,3,38,10,62,96,69,93,74,43,9,29,79,23,81,74,52,55,82,48,44,83,56,74,24,37,57,76,80,22,63,13,70,18,61,58,48,60,31,72,68,40,31,82,20,66,2,79,74,48,95,16,52,39,84,33,45,63,85,25,39,91,14,53,78,95,57,62,60,24,27,91,25,10,79,5,52,73,54,56,36,76,3,33,25,48,59,32,32,29,13,83,74,7,33,75,27,77,4,23,9,38,20,51,21,5,90,42,58,80,79,71,10,29,87,62,89,80,28,31,37,26,30,32,12,43,18,18,75,4,77,74,70,31,48,96,57,51,12,20,56,17,73,51,48,40,74,45,18,70,85,45,49,71,85,82,8,86,39,77,86,72,65,55,3,6,2,77,80,89,5,39,69,8,73,20,51,78,83,70,68,71,1,6,17,32,26,97,45,64,89,69,12,33,33,83,50,18,48,43,39,96,64,27,65,47,75,41,96,65,31,29,4,67,10,15,72,60,38,70,78,3,32,17,1,35,27,36,73,89,69,34,31,40,32,70,8,72,39,69,56,83,1,78,33,60,66,43,24,19,12,89,79,77,63,37,64,48,26,31,20,39,66,8,95,96,96,62,36,38,7,98,21,67,15,94,2,52,82,39,68,82,13,55,78,79,53,53,76,94,7,59,46,9,49,17,17,92,82,36,63,4,8,84,13,12,68,12,62,67,35,12,64,86,62,37,27,12,28,17,44,44,85,41,32,46,52,13,19,96,78,8,69,47,75,64,75,27,42,66,11,41,89,9,59,93,94,59,45,13,88,5,65,65,90,19,17,65,53,65,58,55,92,64,88,27,42,18,11,96,60,98,68,60,6,3,54,76,80,37,51,92,67,6,9,73,42,4,55,57,47,10,72,75,9,55,48,25,20,33,51,76,49,47,51,88,36,5,60,88,64,40,83,17,15,65,87,86,56,16,84,38,62,53,49,51,27,91,52,50,53,30,57,48,84,73,44,20,54,19,37,37,43,65,92,8,25,56,61,42,66,60,67,4,47,14,15,94
1,54,22,87,3,14,40,90,91,66,33,29,27,74,18,91,32,34,57,63,53,41,87,43,70,68,11,17,37,2,7,36,44,43,38,40,98,63,49,27,67,88,91,73,94,47,82,88,63,53,70,17,30,25,60,59,65,77,17,33,3,23,54,89,60,96,83,82,37,76,92,67,83,30,94,64,48,14,47,24,85,21,52,82,31,88,6,20,82,78,74,21,46,17,25,44,35,3,14,97,63,1,52,86,60,3,32,98,29,95,11,51,31,92,46,80,69,70,58,70,90,63,1,58,3,71,21,67,6,51,29,46,1,49,60,85,68,65,23,29,57,7,89,86,67,23,89,53,70,43,73,63,43,42,8,98,98,92,84,87,80,64,92,77,66,63,51,81,33,60,12,5,47,30,14,83,73,13,89,79,81,67,96,62,76,64,3,57,42,60,85,74,80,35,47,91,13,12,20,5,70,9,20,10,31,69,16,14,28,23,25,85,3,5,6,14,67,31,1,2,60,92,40,71,73,37,23,13,82,22,71,61,92,85,9,73,48,86,31,8,48,88,30,19,36,98,71,75,29,33,25,81,11,18,43,76,67,47,35,93,46,4,30,7,51,63,92,17,94,31,64,79,1,92,52,71,63,21,36,74,64,46,83,49,95,88,50,75,43,32,6,2,51,36,60,45,58,23,67,71,7,55,79,96,68,44,81,18,64,71,13,47,11,60,30,1,20,80,10,61,13,18,73,63,26,63,29,63,33,8,13,41,52,63,68,9,65,85,80,52,8,33,11,70,19,58,89,90,7,59,26,77,14,7,58,87,81,17,71,5,16,18,83,57,58,71,94,46,91,21,34,33,1,57,53,79,7,3,45,67,72,38,56,73,80,35,27,45,5,79,27,49,14,75,37,89,49,53,12,46,62,43,98,84,26,91,76,56,52,78,81,78,71,5,31,77,60,10,75,24,44,49,41,12,93,84,19,25,20,63,31,53,89,97,5,29,38,71,47,87,57,70,92,26,97,48,77,10,44,59,29,39,76,87,2,14,3,86,90,41,73,52,36,88,48,28,87,72,1,3,39,88,61,87,65,73,56,16,14,45,7,10,80,60,35,90,76,3,95,89,27,51,79,7,15,6,35,4,77,69,59,5,10,42,21,39,76,88,22,28,57,85
3,72,12,80,30,3,5,38,31,35,4,93,75,9,42,87,17,57,5,7,13,18,86,30,44,72,1,18,2,12,18,18,76,38,60,89,86,95,23,1,3,87,29,65,24,87,28,76,90,73,72,32,81,12,24,84,85,80,36,57,3,85,37,19,17,85,17,37,48,51,2,20,35,5,4,24,87,22,7,55,44,23,26,28,39,85,36,64,14,74,5,6,60,65,97,16,51,11,48,38,70,90,29,39,72,52,96,76,8,1,95,63,73,79,13,78,60,9,78,31,50,52,24,72,47,94,59,68,7,87,71,77,72,68,84,53,93,85,55,86,87,58,57,14,78,40,31,79,53,19,54,42,31,18,87,19,66,56,91,76,91,29,70,20,28,19,90,6,94,58,83,73,53,91,42,90,94,10,93,8,63,79,16,86,33,29,46,55,79,65,85,38,93,77,93,59,86,37,85,60,49,26,83,93,34,80,88,38,74,95,24,57,61,84,14,13,14,83,85,97,71,35,25,30,72,46,78,75,97,82,5,57,24,33,57,38,94,21,52,51,40,8,80,83,41,29,75,10,64,80,46,3,51,87,87,15
92,98,26,7,47,10,98,42,86,55,73,69,6,62,74,95,5,47,52,92,62,8,39,33,45,17,17,54,8,15,2,17,31,55,78,72,1,73,70,70,32,91,98,31,44,89,14,83,11,98,26,51,44,25,68,84,60,91,61,30,91,44,35,71,54,57,39,49,82,3,94,31,76,80,60,69,9,8,88,54,3,32,43,8,88,50,71,6,86,92,12,9,13,40,77,87,57,27,76,85,50,63,2,9,5,94,74,63,63,97,76,53,4,7,27,60,1,27,82,5,85,33,62,88,89,86,18,36
12,80,32,19,17,63,30,43,28,87,26,77,13,82,73,39,46,33,56,86,20,91,34,46,23,85,64,33,25,96,93,26,51,7,36,63,40,4,46,1,13,49,85,71,71,27,80,18,80,31,35,86,86,19,60,20,47,84,94,31,97,95,19,31
44,27,79,65,87,95,78,15,69,57,85,48,45,72,22,62,64,43,91,15,59,97,5,93,2,55,70,80,20,44,6,79
39,8,3,94,35,98,32,20,13,67,95,21,30,13,8,93
92,19,75,76,46,96,30,18
49,17,64,36
74,83
33
<new tree>
29,68,59,51,96,76,67,75,96,43,94,1,94,51,14,60,70,4,34,46,68,33,86,93,81,4,8,49,26,33,29,52
11,1,13,71,50,44,31,74,15,10,10,35,86,80,53,52
33,33,23,82,93,84,64,38
58,35,68,17
77,23
14
<new tree>
47,56,77,63,54,71,13,85,45,94,73,30,79,34,82,49,54,64,54,14,34,4,62,44,98,54,98,61,77,72,12,25,23,14,27,4,97,34,42,64,15,92,79,13,23,38,27,92,86,35,69,22,51,49,61,43,93,34,64,1,71,51,8,72,82,49,7,66,8,78,50,20,22,88,98,40,23,50,21,61,27,7,73,42,3,89,73,72,51,82,10,64,69,41,92,63,85,8,29,73,31,60,84,9,84,49,98,61,50,21,20,44,13,4,73,65,76,65,69,92,74,33,16,25,69,85,50,79,95,35,54,16,21,46,30,66,21,65,57,53,89,12,23,30,62,64,51,66,67,28,86,20,37,36,98,97,44,60,38,97,98,20,65,16,66,5,24,66,72,7,44,12,8,17,4,62,11,84,62,5,35,83,13,67,48,34,78,84,47,32,22,59,27,59,53,70,46,7,63,58,41,83,92,61,82,74,13,20,32,36,86,59,97,34,63,16,7,97,66,32,25,38,20,41,83,84,84,48,62,32,17,4,21,4,63,50,89,50,83,72,22,58,52,11,44,62,61,92,94,38,63,48,39,31,33,3,64,52,76,97,89,63,56,1,19,83,38,93,69,13,25,55,14,93,11,66,85,9,96,22,24,90,52,25,68,68,63,88,70,60,85,38,73,85,82,57,3,52,91,60,24,66,23,81,14,8,34,45,21,66,17,55,54,54,74,97,11,32,31,49,20,48,24,10,27,86,81,28,11,52,63,34,16,36,96,56,68,70,12,60,35,19,68,5,44,30,82,19,12,83,46,69,21,42,41,75,43,13,55,27,26,7,34,68,3,81,39,19,57,18,29,40,21,69,15,1,79,19,65,96,4,62,17,27,7,93,14,73,94,22,14,55,16,84,35,28,83,1,3,61,89,64,61,93,54,6,49,50,27,40,95,24,47,57,23,62,89,8,62,9,68,65,23,36,4,72,25,35,34,85,17,79,17,4,8,38,1,22,71,1,44,62,46,55,25,89,9,57,61,71,38,76,37,92,92,24,42,26,89,80,80,14,17,41,24,17,7,43,50,84,62,67,36,61,63,7,20,66,11,14,64,66,73,61,47,40,42,23,11,82,95,73,32,89,20,30,46,6,32,9,82,65,8,76,10,70,40,75,30,85,5,74
7,84,32,88,36,10,27,96,52,22,92,54,8,22,24,88,85,66,38,27,83,85,18,97,23,25,45,76,57,92,4,96,92,1,16,10,97,81,58,93,92,62,41,43,52,70,95,29,91,76,26,89,40,2,48,21,66,34,66,12,63,50,40,58,18,94,60,7,7,14,90,5,9,43,34,22,44,74,45,51,28,17,83,80,67,14,57,90,52,94,43,63,16,47,30,42,23,81,25,56,10,89,22,78,84,21,81,95,67,27,75,90,87,15,82,47,65,59,90,5,37,69,54,12,70,27,88,60,13,90,98,62,49,88,42,38,94,6,94,46,31,61,24,25,19,51,75,1,64,82,76,63,89,21,19,40,35,10,9,58,32,22,82,75,27,14,42,98,72,44,52,59,63,45,72,75,46,29,91,19,50,87,95,30,15,36,71,28,69,2,4,84,96,36,14,10,77,47,96,6,10,76,28,20,31,17,98,44,48,43,92,6,17,88,9,43,25,53,61,90,41,14,30,70,41,66,62,28,32,62,96,97,31,86,9,73,60,75,97,96,36,27,79,26,8,96,67,8,28,69,83,25,85,7,63,94
93,3,9,91,9,87,13,81,76,1,47,19,9,36,43,73,65,4,19,98,34,85,41,96,51,28,35,63,66,75,53,51,82,24,65,23,53,87,26,32,31,58,49,75,90,30,8,76,80,96,98,12,8,63,6,8,60,11,41,80,52,48,15,2,46,94,36,83,70,20,21,76,77,85,68,74,37,65,7,21,21,58,82,69,76,41,44,19,19,57,62,42,47,45,79,82,43,47,29,95,93,23,7,61,75,22,34,22,94,30,70,94,5,20,60,93,64,45,25,5,51,17,65,13,57,77,29,33
87,10,91,7,11,54,65,8,14,8,20,45,91,52,37,1,20,18,69,25,64,71,95,68,35,46,38,39,43,73,13,18,37,98,43,48,87,38,40,69,77,46,63,60,26,61,80,34,21,43,40,27,75,39,48,16,13,24,70,64,16,26,63,39
14,42,20,25,96,87,35,57,63,1,14,31,58,80,45,51,24,44,53,76,67,45,7,73,85,58,44,60,44,46,63,14
94,48,64,83,46,7,82,94,80,64,68,93,69,19,49,64
33,37,74,7,49,31,78,63
26,13,40,33
53,26
69
<new tree>
74,82,32,66,87,87,36,45
40,54,92,82
17,14
76
<new tree>
8,31,42,5,33,95,97,87,79,45,8,54,52,45,88,94,63,25,10,26,53,20,91,53,23,95,53,56,87,54,44,17,52,35,36,70,73,79,74,93,10,98,87,83,73,17,83,96,78,7,22,43,21,39,64,87,38,87,80,37,43,41,1,26
35,94,33,95,26,89,40,14,47,18,53,44,3,16,83,9,89,8,87,67,29,80,71,36,43,68,3,85,68,30,64,18
78,21,58,54,72,6,88,90,12,48,34,98,33,41,87,22
59,95,52,76,98,65,92,24
35,3,30,97
60,15
33
<new tree>
10,18,21,83
2,17
89
<new tree>
96,66,38,32,43,56,54,67,91,81,28,36,56,91,92,91,82,41,30,77,82,63,2,21,59,77,7,78,60,64,57,81,81,61,85,88,23,66,56,87,22,34,49,27,35,84,84,48,51,48,44,6,85,26,25,33,64,17,71,65,50,75,8,27,24,46,53,94,7,4,68,16,84,42,56,48,15,74,85,73,92,58,27,13,21,52,95,56,37,52,24,7,94,90,37,46,27,22,3,88,32,89,41,47,78,28,21,44,68,75,18,89,31,96,71,90,49,94,7,71,49,96,57,54,78,62,21,92
67,17,94,92,8,88,89,59,91,3,77,23,13,63,4,78,67,83,87,27,22,26,75,50,53,80,42,74,55,84,6,11,84,80,20,47,24,1,90,6,97,85,68,82,56,61,97,1,44,76,3,41,9,63,22,41,40,45,40,27,47,16,5,8
84,38,92,6,23,11,55,30,8,75,25,86,63,20,93,98,94,87,45,61,84,35,84,12,63,48,55,69,25,96,89,43
70,48,33,85,98,38,51,67,97,61,82,82,15,67,87,60
12,55,77,80,32,2,94,14
32,9,79,6
17,53
15
<new tree>
72,95,42,3
22,92
11
<new tree>
35,34,74,96,19,46,96,31
32,52,86,60
33,91
78
<new tree>
8,27,40,58,54,25,17,34
32,86,67,17
40,34
31
<new tree>
7,94,54,39,90,5,91,3,94,24,36,23,1,95,18,97,32,88,46,96,63,42,72,6,45,95,14,10,1,22,55,35,42,43,60,29,10,24,71,76,77,56,34,58,17,74,47,48,68,84,50,82,13,20,35,63,22,48,93,93,90,82,3,73,68,1,79,57,35,87,87,9,17,68,19,7,9,15,88,69,49,64,41,15,70,71,22,23,8,95,7,61,29,77,85,94,54,60,88,16,94,88,13,79,96,42,66,44,1,29,55,8,58,25,44,26,41,86,4,96,78,56,49,38,81,26,78,39
89,10,28,46,79,24,86,85,22,77,51,14,82,35,62,87,85,1,52,31,82,42,63,42,62,95,51,27,68,23,71,55,58,43,44,58,94,82,5,28,93,59,42,67,24,64,63,62,80,70,59,29,82,52,97,47,45,85,82,82,72,59,17,97
17,41,43,50,71,27,68,1,90,43,25,35,67,23,30,84,52,80,45,63,45,74,77,46,97,44,58,46,29,35,83,80
13,89,78,42,56,8,70,30,11,16,84,5,13,28,7,10
10,96,20,45,86,23,74,58
62,14,40,95
73,69
68
<new tree>
55,12,80,94,78,77,51,27,62,18,12,48,47,23,21,59,22,84,78,51,51,35,67,44,82,17,68,49,85,93,6,39,2,78,20,86,10,46,75,86,15,70,61,2,56,95,38,69,69,35,35,72,57,22,94,21,43,36,13,62,10,2,40,67,12,72,47,67,3,33,50,75,10,90,37,80,73,66,87,85,78,97,79,51,59,33,80,78,83,98,44,72,34,14,77,13,30,93,88,82,48,70,66,37,84,59,63,66,83,14,46,76,48,26,82,11,22,88,9,78,90,68,83,3,88,76,42,94,13,25,50,79,76,5,37,8,31,42,66,98,68,14,94,69,52,67,24,8,30,66,89,41,85,10,90,79,85,64,48,8,18,67,53,59,62,66,98,44,87,75,79,78,23,9,10,77,72,14,50,22,53,34,65,45,34,10,92,66,13,57,21,66,93,59,80,2,60,35,7,85,67,79,20,54,86,12,19,76,1,14,7,72,14,26,53,83,3,8,26,53,72,32,31,31,54,13,83,63,28,9,17,38,7,64,53,72,14,12,58,23,90,17,66,97,50,48,52,67,6,96,98,52,10,53,13,36,48,88,98,74,27,55,49,90,95,68,65,49,72,80,69,89,49,3,61,56,64,32,79,6,60,17,58,30,9,64,28,53,51,17,25,25,12,83,95,36,67,75,3,81,82,3,94,24,27,9,4,7,90,56,70,16,9,93,15,11,95,19,81,32,40,12,96,55,55,44,78,65,7,26,87,88,30,97,22,57,21,34,4,1,61,22,61,94,45,9,16,17,69,85,39,48,92,69,41,71,6,39,68,81,29,37,98,65,67,81,85,11,71,56,88,62,16,81,70,19,49,3,10,46,29,62,95,21,86,39,95,60,57,50,52,80,64,21,70,24,22,95,28,63,23,6,44,13,95,75,33,11,98,22,22,3,30,22,53,66,41,78,78,28,85,26,53,21,5,8,97,94,11,47,96,52,73,46,24,23,18,83,24,11,7,84,60,35,29,49,51,43,66,5,81,42,18,98,77,96,52,23,8,88,77,38,1,52,25,68,29,82,97,31,49,57,54,67,22,2,64,18,91,55,55,55,28,7,64,54,34,73,68,26,69,93,75,35,33,67,83,9,11,59,21,68,44,36,55,24,87,50,77,75,33,34,31,52,33,23,11,93,86,69,34,54,15,71,60,54,81,19,35,53,17,55,8,32,35,86,11,91,51,40,66,83,95,91,92,36,62,24,3,10,57,89,22,40,25,65,53,72,74,1,42,68,16,24,59,76,27,97,17,45,13,18,42,46,3,50,57,23,77,25,90,57,17,25,95,26,34,66,7,68,34,37,17,50,96,97,68,71,32,16,9,64,7,56,96,39,48,74,37,74,8,31,93,50,9,83,51,89,27,34,43,59,90,48,12,74,1,90,49,5,81,84,89,62,16,27,51,60,27,56,77,59,29,32,60,3,43,66,42,13,46,77,44,97,72,49,72,57,44,23,38,56,26,33,92,23,40,32,34,81,33,90,63,70,56,83,30,59,86,9,32,34,49,36,58,4,40,91,89,66,53,92,16,5,19,21,33,95,39,38,62,11,32,60,79,55,15,73,41,87,19,14,70,35,89,5,7,88,73,88,81,47,42,67,28,39,74,58,51,35,50,34,20,49,46,21,2,88,55,4,88,66,50,2,47,40,23,80,14,15,15,43,22,50,56,15,68,63,33,40,79,55,23,7,38,84,93,21,87,68,3,18,34,70,98,16,96,40,20,86,17,93,44,37,21,7,12,68,92,32,51,38,55,15,23,34,43,44,63,62,46,2,91,45,13,95,10,51,50,41,18,29,43,45,24,85,11,84,85,31,72,25,28,56,17,64,61,19,47,65,71,52,76,57,41,15,2,98,25,24,96,59,19,51,15,23,93,11,90,37,23,57,58,33,88,22,73,35,28,47,34,89,4,84,69,64,51,85,5,9,83,11,60,61,34,14,7,76,42,93,70,51,28,11,42,14,93,44,67,20,41,66,71,76,88,7,56,33,81,50,70,8,6,81,52,13,96,95,97,75,16,96,92,33,76,82,62,91,42,55,69,8,19,84,67,18,38,83,72,27,57,72,93,91,23,62,45,46,58,30,16,97,45,91,4,44,72,39,98,6,44,63,89,26,79,63,88,21,14,35,73,14,24,71,19,42,3,2,11,15,38,16,34,13,39,71,62,27,80,24,44,98,83,66,82,93,81,67,12,59,73,25,32,23,56,3,73,72,72,61,41,71,28,84,67,28,29,77,85,9,1,61,39,89,90,73,29,57,88,24,59,35,88,51
69,71,68,11,43,52,6,7,33,14,92,69,82,28,67,67,46,15,46,13,77,39,50,37,31,65,96,35,65,47,53,47,69,26,34,45,2,81,92,13,15,10,47,40,4,29,76,97,51,69,78,9,96,23,17,30,21,32,78,76,54,69,41,84,60,46,98,56,93,23,65,63,21,33,97,67,90,10,33,3,87,97,83,95,67,45,49,46,10,5,24,69,4,16,57,45,68,62,79,57,29,21,5,28,4,16,86,63,25,48,39,11,97,76,88,56,84,45,17,16,95,52,46,88,97,94,60,5,75,52,98,29,30,75,72,67,93,55,91,52,57,84,22,61,65,14,71,26,27,2,59,23,45,64,61,75,73,15,30,8,54,81,87,71,49,11,80,23,4,21,61,30,53,63,57,11,31,84,24,84,24,35,76,73,92,75,82,65,14,95,92,78,26,83,97,74,96,49,12,54,33,48,22,7,39,30,69,80,7,50,45,87,90,44,83,20,6,15,78,72,27,15,9,8,27,82,4,68,65,82,14,80,72,68,52,75,13,70,34,63,7,2,59,62,51,5,87,80,1,78,69,81,70,39,28,18,40,15,78,56,26,1,16,24,37,64,16,22,91,8,7,34,79,16,65,26,55,45,55,23,94,22,68,86,13,31,10,34,41,34,35,96,91,77,37,7,85,35,26,86,88,65,88,91,71,36,3,55,72,2,62,93,58,56,60,4,31,28,11,7,54,81,80,57,71,9,41,2,77,59,40,20,20,68,33,29,33,76,15,76,28,53,60,39,71,41,39,36,18,33,74,57,25,20,32,8,84,31,20,62,94,2,77,13,61,42,74,89,23,31,70,54,14,34,77,1,21,41,85,31,69,5,83,45,84,81,93,98,36,25,44,2,57,51,81,27,75,48,77,29,65,48,13,85,61,21,44,90,42,32,86,44,45,87,92,89,18,32,28,78,48,74,53,96,86,68,96,61,52,50,24,72,62,56,64,21,90,96,82,64,38,4,57,5,38,1,56,68,58,90,10,43,21,98,80,89,94,16,97,92,23,82,38,90,8,15,80,87,23,72,97,20,49,62,41,44,18,48,59,86,13,28,4,60,40,80,52,63,75,73,25,75,98,89,41,55,64,65,96,24,19,67,45,85,91,89,93,57,58,37,72,46
38,79,50,8,19,65,83,18,2,5,68,81,56,33,16,60,97,21,91,80,33,58,77,52,60,92,2,10,45,72,45,97,52,43,76,49,34,12,76,39,95,2,92,12,94,51,95,65,1,43,86,51,6,4,83,78,3,96,46,26,64,73,71,29,59,70,29,13,56,66,27,85,44,53,84,31,64,66,57,9,95,35,10,3,84,93,91,48,59,96,46,36,64,50,73,22,30,64,52,25,22,82,10,33,17,1,7,52,19,53,14,36,40,37,30,29,64,69,44,64,78,80,52,58,20,89,22,93,78,62,2,1,14,33,86,13,25,75,85,83,86,39,30,7,82,11,95,27,20,44,57,59,20,86,45,41,31,51,13,26,78,13,73,55,51,14,22,8,50,17,5,88,83,59,77,39,50,46,75,10,92,93,73,34,5,41,79,27,86,45,81,73,62,59,5,74,65,73,54,69,88,88,76,4,40,68,75,60,10,7,89,84,75,4,33,84,38,40,51,11,33,93,20,6,34,30,26,24,54,3,73,76,90,6,21,5,17,70,92,36,64,20,17,80,54,96,97,59,27,20,37,26,23,43,36,93
68,41,85,86,56,76,72,85,53,17,3,12,48,40,67,65,96,10,4,10,15,48,80,14,96,67,21,32,56,2,47,55,50,97,37,77,69,51,40,11,35,47,46,16,47,87,1,60,9,90,82,30,8,5,52,21,60,71,89,87,55,40,30,52,69,46,61,50,3,89,94,46,69,92,74,67,2,64,66,10,67,59,24,64,19,17,47,45,45,17,17,96,61,52,54,93,18,93,45,1,26,50,57,19,95,37,60,15,29,83,19,95,6,79,20,94,17,64,33,52,98,17,5,84,72,97,84,17
63,47,65,77,18,46,3,33,17,17,54,49,84,72,97,81,98,36,5,69,76,15,46,87,21,36,7,90,18,48,48,13,63,96,17,21,10,14,82,86,67,64,65,7,20,55,39,95,86,8,33,1,32,49,98,48,1,76,56,80,40,12,15,67
62,27,60,75,75,9,81,84,49,83,74,79,68,74,91,1,34,69,96,82,24,74,6,24,69,84,89,33,37,37,20,76
41,97,3,5,34,59,53,66,57,91,37,38,40,74,96,70
51,61,18,28,6,77,23,78
25,73,74,60
52,47
24
<new tree>
18,74,87,93,53,43,11,48,81,32,91,47,4,64,34,13,79,43,57,50,89,46,53,96,83,17,27,2,37,48,84,31,6,5,3,32,31,8,75,16,23,11,72,21,92,44,25,63,8,67,92,21,22,54,15,70,22,89,10,37,17,9,11,33
82,76,45,54,44,17,22,49,11,11,9,20,8,20,3,30,58,34,58,55,53,84,91,28,28,42,79,72,63,79,6,5
65,5,80,4,58,12,84,42,32,81,72,17,83,48,2,7
53,20,81,71,71,98,97,54
55,37,96,88
83,12
13
<new tree>
42,14,79,35,56,72,38,65,60,86,83,35,12,28,24,55,36,21,54,28,93,46,97,57,61,92,78,11,19,72,16,45,45,26,38,14,54,61,33,13,32,78,91,28,57,42,69,25,67,52,92,69,84,47,33,95,16,22,73,62,93,27,47,87
98,39,74,31,3,26,3,7,85,21,53,79,27,35,95,89,85,69,44,53,15,41,77,80,52,90,8,29,89,40,74,28
91,62,93,69,55,64,9,50,89,32,11,40,96,39,98,14
66,42,28,78,73,32,5,40
61,2,80,72
42,97
61
<new tree>
11,71,80,90,14,35,39,78,23,88,59,48,73,27,56,41,7,6,8,59,46,43,75,47,59,47,53,28,1,32,50,70,64,79,90,3,80,4,22,84,57,23,91,81,16,91,82,98,65,10,15,26,41,68,50,66,95,33,31,66,81,12,78,89,39,87,82,93,36,54,60,3,82,22,2,24,51,93,32,67,64,53,61,89,18,25,29,95,29,24,6,47,71,55,4,46,44,2,43,27,9,87,63,11,48,12,42,20,66,27,16,2,2,63,3,28,49,87,72,14,59,86,64,12,48,14,31,28,19,55,78,49,50,5,58,75,89,51,42,7,82,10,29,3,9,5,46,8,52,75,95,55,29,29,67,21,23,51,61,35,79,14,2,12,47,65,50,96,6,26,37,97,46,66,31,50,58,62,4,44,67,23,74,43,59,24,21,22,36,37,52,39,88,7,26,68,9,18,55,43,53,48,3,27,38,96,10,61,96,18,62,60,47,17,67,57,38,58,51,24,44,29,60,67,72,97,9,39,41,61,42,41,8,59,90,19,21,48,5,61,14,59,24,18,74,91,90,71,39,68,31,50,65,31,98,24,86,34,53,39,88,69,21,36,75,21,53,87,26,49,36,88,53,89,10,84,5,43,92,80,7,36,1,72,31,90,74,75,60,67,31,86,93,64,72,43,38,87,42,53,39,4,46,88,32,41,95,75,22,14,19,44,41,71,33,52,69,48,6,83,46,76,27,57,19,49,93,87,17,65,46,17,1,39,42,4,89,11,40,88,94,98,54,46,48,85,46,23,32,21,73,89,82,57,8,61,76,87,70,82,46,9,58,55,67,3,43,2,29,29,62,58,8,16,88,46,23,79,10,32,3,71,55,95,91,56,34,43,32,80,27,2,39,56,42,86,41,97,78,46,42,44,92,3,57,16,81,66,68,60,38,95,78,39,79,73,52,61,63,12,68,1,68,48,3,61,19,50,72,3,6,25,2,63,89,58,78,53,39,75,73,66,73,70,43,30,22,1,76,68,34,78,35,67,77,41,74,45,1,95,95,32,93,66,55,14,94,16,48,22,94,98,23,86,37,2,26,97,6,71,39,18,73,5,67,26,89,33,85,48,82,34,52,42,79,42,71,8,16,30,35,7,52,54,72,35,56,47,30,75,15,76
96,42,18,84,28,12,56,67,79,51,58,25,93,77,72,87,86,67,88,54,98,20,62,47,23,79,2,51,36,92,84,21,53,67,26,51,83,24,35,69,36,71,63,31,70,15,38,75,44,92,88,47,66,3,76,77,78,69,61,48,11,5,32,86,66,37,70,27,52,21,5,62,33,20,19,27,56,32,75,9,41,26,7,42,5,37,54,50,89,48,72,14,61,86,59,31,40,75,64,33,43,12,24,23,88,26,15,46,82,50,22,47,92,53,7,84,96,88,82,29,81,20,36,4,48,89,2,46,60,87,86,79,66,43,64,29,3,83,53,77,23,8,67,40,26,26,20,8,80,73,33,51,92,35,51,23,74,20,74,97,24,68,85,94,63,42,79,50,88,76,82,14,35,5,6,74,52,95,77,23,69,92,65,85,54,36,85,31,90,41,54,81,9,55,53,54,21,71,76,83,45,68,19,4,90,19,16,88,30,75,69,78,41,51,28,31,4,1,41,28,55,48,58,47,23,1,5,79,50,51,53,80,20,92,76,2,73,61,93,36,20,95,2,16,70,74,40,57,27,23,51,21,31,49,28,96
42,31,28,96,96,85,38,7,22,71,42,32,57,26,82,48,68,79,19,68,37,84,26,77,78,72,91,3,40,48,98,85,48,85,53,36,21,64,63,57,81,42,37,84,12,53,87,42,49,5,14,60,84,80,95,57,5,49,18,25,93,36,65,73,71,55,83,70,72,47,27,4,16,60,86,93,48,41,66,26,84,50,53,36,34,39,2,66,89,95,31,70,47,39,63,45,76,62,13,55,68,17,69,2,76,10,44,24,92,2,9,62,81,91,40,43,82,29,39,33,53,18,80,75,16,55,56,76
24,89,82,48,14,80,65,40,20,86,15,60,62,17,47,73,98,53,12,32,31,77,22,50,95,31,41,61,88,85,44,82,32,65,19,60,35,92,31,40,89,97,20,95,66,48,62,61,43,20,48,59,56,53,85,46,67,33,52,81,40,4,50,34
32,5,56,19,53,83,34,56,51,19,82,43,51,18,42,44,21,55,39,40,82,80,9,25,77,90,93,48,13,67,85,17
24,54,43,65,78,45,59,97,91,42,97,33,86,69,18,6
86,42,94,15,53,70,1,19
89,11,1,73
88,85
38
<new tree>
34,6,93,24,84,2,83,81,10,85,7,73,76,52,16,12,87,75,40,35,46,95,93,63,91,25,13,38,57,65,59,80
8,94,30,18,82,75,36,32,65,19,32,33,69,42,4,10
23,61,29,98,39,61,46,79
57,89,97,29
57,77
28
<new tree>
4,67,51,84,88,24,84,82,18,15,19,95,25,79,5,39,80,11,75,50,4,85,95,89,4,38,82,17,55,63,77,1,52,89,39,85,56,59,2,56,24,20,70,32,8,58,12,60,7,56,39,84,94,12,66,17,71,61,80,51,41,68,27,53,37,19,44,35,41,19,81,21,10,19,27,83,16,63,82,45,27,22,11,98,25,91,6,41,23,23,15,94,77,49,15,54,91,17,94,87,15,75,20,86,74,18,75,75,84,82,1,8,77,36,24,20,58,28,29,44,14,4,12,18,4,85,42,59
23,64,69,43,46,96,28,21,76,77,13,68,44,64,48,13,35,2,87,89,11,85,23,59,47,26,2,56,59,7,74,44,17,58,74,24,27,51,83,72,70,14,60,42,54,9,45,90,80,10,3,87,47,26,54,37,41,11,94,20,94,70,61,70
26,26,16,57,85,81,43,65,80,34,24,97,87,96,94,30,70,97,35,37,21,66,77,88,55,29,23,37,89,36,17,64
4,21,44,92,3,68,63,37,11,30,32,59,88,45,24,44
11,47,9,95,68,61,54,14
67,23,94,6
65,33
20
<new tree>
68,94,31,50
90,98
71