12.70
5.94
-64.67
34.50
24.56
41.00
-7.46
-42.79
-6.50
162.00
949.13
17.86
100.22
-2.12
21.03
67.93
-161.40
27.00
76.10
12.64
-100.40
17.00
87.13
-25.81
-5.19
-22.39
-27.99
3.49
-43.85
-7.66
-29.20
-8.37
-46.00
19.47
5.60
-1.80
71.16
10.81
-10.30
140.65
-16.10
4.86
-26.07
49.70
117.89
-219.11
-13.80
-64.22
-14.78
279.15
26.98
3.70
42.50
43.97
55.70
119.00
100.20
-6777.00
-16.53
87.00
5.80
-55.01
74.72
52.16
26.68
-8.00
1.22
102.76
-79.54
4.05
16.41
68.80
347.20
62.00
113.00
-73.85
-19.61
-44.11
-3.48
23.82
-11.58
-241.65
37.20
-28.00
-15.40
80.80
1.56
135.10
-49.00
3381.00
-6.02
8.60
414.00
-33.10
-11.59
44.20
89.70
139.77
-84.36
-33.52
