8,10,17,19,28,34,38,39,48,51,56,62,68,78,81
64,57,51,46,40,38,35,29,25,23,15
10,19,21,23,31,38,41,45,55,59,66,67,77,84,91,93
67,65,62,54,45,41,36,29,22,12,7,1,1
9,18,25,27,37,39,43,51,60,68,78,80,83,84,89,95,105
68,66,64,54,49,39,38,32,25,20,19,11,2,1,1
10,13,17,22,29,39,49,55,59,65,73,80,81,86,88
69,60,51,42,35,27,23,16,14,10,4
8,9,19,25,28,36,38,41,43,48,58,61,64,71,78,88,91,95,100
67,57,50,49,42,41,32,31,22,15,12
5,6,15,18,25,28,32,36,40,50,60,66
63,56,55,54,49,44,36,26,22,15,7,2,1,1,1,1,1,1,1
8,17,19,27,32,36,46,56,58,67,70,80
69,68,64,56,55,50,48,43,39,29,25
10,17,21,23,27,30,36,41,45,48
65,62,55,54,48,40,32,26,21,13,10,1,1,1,1,1,1
9,12,21,30,37,44,51,57,66,74,81,89,95,103
67,58,52,48,44,37,29,22,17,7,3,1,1,1,1,1,1,1
8,18,28,35,41,51,56,66,76,86
63,60,55,45,38,28,21,14,7,1,1,1,1,1,1,1,1,1,1
6,9,15,17,26,30,33,43,47,56,63,71,78,84,88
69,60,51,48,41,36,27,24,18,14
9,11,20,27,36,40,45,50,54,61,64,66,70,78
66,57,55,52,51,42,36,32,31,22,18,14,4,1,1,1,1
10,15,23,28,31,40,45,48,49,59,63,71,79,84,89
68,58,57,53,50,44,41,32,23,14,8,1,1,1,1,1,1,1,1
11,20,27,30,38,46,54,60,70,73,75,84
69,60,55,52,49,46,43,40,31,24,20,16,10,2,1,1,1,1
2,5,15,19,23,31,37,43,52,59,69
63,56,55,50,43,39,38,33,29,27,26,25,23,20,10